1777 -4156
-7865 -5842
5084 -1994
3244 -5202
7107 120
-4039 -1703
-9824 -2748
8563 71
-5909 9526
6598 -3931
-338 -4307
1976 -8015
6421 1453
-9221 -1934
-840 9960
-24 -3746
-9063 -1965
144 5546
-877 -9293
-1632 -9042
7541 -340
-6119 5537
6938 -3543
-7163 7085
3805 -8316
-681 3708
6670 -5345
-1465 -6707
-6142 -887
1743 2782
9271 4775
1432 -711
-8889 -4522
4094 -3290
-3472 -5420
-8498 -6021
5735 -9229
-8110 1500
-2294 -7836
8307 -7429
-1659 8983
7338 5971
-7869 -5760
-5510 6086
-9013 2534
-4856 -1099
-9156 -7800
6442 7509
-1889 6360
8920 -1617
4338 1959
-8291 6391
-3395 2586
-8767 6082
-8570 6255
2322 -4892
-6318 -4284
1913 -6380
-2243 -3177
6919 -7864
4742 6362
-3462 -5391
8243 -722
5783 -3034
-2378 8168
762 1440
3768 4395
-1247 6955
-2606 -376
2280 9347
-426 411
7357 -6076
-8048 -3591
-9497 3954
7464 1875
-6638 -3052
-9495 5261
9108 -3090
5679 -1303
3021 1425
6383 5411
-986 7291
5829 -2652
-2777 -6428
6490 -8382
7760 -8981
7742 -3672
-7729 2360
9778 -4936
4049 4578
9360 5600
6170 3582
9685 -1128
-952 5349
-4397 -6657
-9277 7447
-4310 2882
6905 1215
5365 5511
2888 -3993
7051 7794
9527 3938
-3301 -2459
8286 3
8125 3857
-2766 -5539
203 4986
-6456 9122
-8296 -3594
1024 -3056
-5115 1571
7875 -8050
7302 3078
-3999 915
245 -1602
-5939 6128
6597 -3727
7901 9176
2761 8453
4488 -6477
-7577 -8508
6137 19
3533 7903
7849 -1046
-6507 -1925
3836 8928
-5290 131
7315 8734
9542 4944
2043 -9947
-6697 5120
5576 6456
6560 8836
4688 -8239
5915 5103
-7283 -9685
2962 -5708
-2106 -5883
9692 -7400
4218 6802
9457 3989
2636 2246
5700 -4002
1729 1673
6340 -1939
3740 -3882
2526 3604
-1377 179
-621 9263
-9736 -5714
-6951 -3042
4016 -4475
-7733 5842
7774 -5978
5584 6486
-5378 8280
2051 4873
-4517 9854
-5099 9823
-6540 -8921
4675 -6722
-5105 3927
7145 -6862
-4409 3686
-1347 -9580
6553 13
9075 -3341
-7131 -1232
-4760 9925
6164 7844
-2605 4484
-9860 -1913
-5345 -9979
5626 -1212
-6386 5875
1488 -625
7698 3621
-9215 5211
-1258 -5371
-8955 5747
1916 -8500
-3339 -9360
5655 2751
2023 9172
508 -7376
-31 8083
-2275 3437
5946 3346
-5073 -4429
-6120 1838
549 -8504
-6383 -4518
-8315 9443
-3925 -6124
-5588 3443
-756 9017
2374 -7619
5098 3482
-6312 -1797
1512 -9486
6503 -1031
3131 943
-8535 -5151
-1596 -9513
-3973 3927
-5797 -7863
-5741 4429
-571 -2216
1306 4352
7310 9689
-3073 9700
7819 6749
-1132 -3772
3439 2308
-8958 874
9018 -7776
-6222 3763
-8678 1491
6488 9563
4199 898
-7802 342
8748 -3609
-6741 3866
-6702 8527
8094 -4018
-1146 1240
1248 5383
-8406 6302
-8531 8715
-6459 9641
-8672 9100
-5600 1754
5385 -2805
15 -6963
-1735 -5289
5184 -5412
-4079 8
6420 -9004
6821 -6026
-4267 -179
1330 -5263
-9991 -8508
-5608 -1616
-5676 -2382
-6045 2133
-421 -3666
-813 -9245
1320 1511
1955 -2157
-587 6096
-926 -7561
7056 1626
2169 -8767
-2651 -5102
-2858 6687
-5843 3087
-7079 9016
4618 -6834
4024 2685
-9715 4052
-8803 -4420
4924 -8328
4391 -2751
9577 -3175
2374 -9745
6405 8928
-5879 20
-1154 -7715
1061 6852
9592 -8015
5122 -2
8632 5633
-361 5947
8521 1090
47 8823
2934 -1770
2999 -7022
-2614 -7280
596 -9198
-5860 -3464
-4640 6336
5355 8721
-9708 2926
511 -7390
-146 -9502
-8490 -9288
-8662 -8810
-6129 -1516
-6545 3810
-2103 1055
-6338 -2610
4452 3092
3841 3536
-7648 1477
-3072 -4687
4181 9463
4293 -8583
-2128 4795
7328 -3502
-6711 691
-2189 -2600
-975 5854
4045 -4510
-7427 -5631
-5760 4573
7534 6851
-585 -4815
-4129 5002
-1208 5935
9336 -1481
374 4594
1948 5065
5058 -7824
-4963 5540
385 7844
3158 -3750
1117 -1066
3199 6194
7650 -1566
6186 8503
-4705 -1453
8974 5158
6812 -38
1951 9057
4514 2715
7592 -4035
-7782 2530
-856 -6655
-8263 6793
1639 -6480
-2569 -9065
7935 1572
-3577 -3760
2420 5768
2881 -234
-4622 9007
4409 -7950
9352 -5970
2937 -1802
5421 -1120
-1545 1387
-5805 9559
-7806 -6986
-9841 -3780
-7449 -2782
-5371 8887
6136 7295
-9100 3041
-8092 -8912
5652 -4412
5235 -4037
4393 -3901
2877 9249
5009 9168
-6007 3545
7105 2391
2155 -6426
-7505 6864
-6782 6947
-143 -9190
7351 -5392
-2244 -5242
7073 2044
6134 4320
-6923 -3404
5278 7310
1237 -353
-5858 60
-3067 6263
8253 -1976
1627 -1529
-5357 8981
-3679 7646
-4633 -5078
-7806 3828
6556 -8592
9494 2497
-1180 -4938
-6109 -1696
-1149 3567
3380 4742
-8508 1334
4414 1796
7261 -8721
-8423 8002
6797 -753
-8882 -2749
-6952 9288
6477 4890
6823 -1470
4518 4839
-9024 -3529
8303 -7685
-5709 -1811
-1717 -185
-7939 271
7348 4365
-2161 5588
7623 9716
-1594 -3919
7219 7475
-5310 -7728
9814 7637
-9490 -6974
-3479 3317
-7228 6925
3019 -9809
-2037 2690
7644 2741
-5968 3332
-4314 -1152
-2401 2897
-4721 -2860
-6702 8155
-5283 -5969
1618 -1732
-9951 -2772
-9227 3608
-7390 6704
6472 6734
-4320 -1200
-5426 -7022
-8935 6409
-1981 3877
5973 -7722
5932 -8766
-1098 2784
228 2639
-7638 6538
2429 1379
-9073 5031
5845 -9731
7137 -5699
2913 -5349
5392 -679
-2976 2942
4035 4057
5752 9099
-1304 -8791
-1402 10
1872 3845
-7961 5409
-4541 -4144
-5569 3720
-8993 -6192
6314 -2973
-1552 2657
7540 -1613
-6590 -5887
815 -73
9192 -1853
-3268 8365
-7358 -7095
-1478 -8726
8751 -2675
-3467 2879
7699 5741
-2779 8552
-747 5312
2596 -6891
9982 -9053
-8045 -1177
4656 -3475
1686 6351
-1782 4021
-405 3308
-5818 8414
-1092 -6174
4883 -4394
-3646 4023
3468 -7548
-6611 -9536
-6301 5045
2615 498
3120 1860
4968 -1345
1923 1852
-9780 6927
2211 1254
7108 -8933
3102 9809
-8833 4808
7692 8636
-2766 1663
5926 9266
1306 2780
8841 -2692
2160 -2152
6157 9153
1742 3737
-7142 -3464
2824 9455
9614 -2677
-2668 1739
4553 -6893
-5838 -6330
1708 6138
4297 7367
856 -7324
8246 -3298
-2315 -496
2355 -3432
6645 778
-6560 -7932
6132 2544
1952 -8319
-7851 8471
-2771 -7519
139 9719
-9887 8876
8907 -3500
6015 -8682
-9865 -6251
1314 7774
-9165 875
-5639 -4507
-3338 -8259
-4396 -2292
9553 737
3543 -9929
-7724 -5028
8809 -6011
-8248 1819
2592 4501
6340 -103
5540 -5327
7915 5783
1581 -1598
7231 136
-5395 1487
-3751 7457
-917 4208
-5211 4938
-9231 -5902
9482 3037
4190 9059
-8496 -1990
-1142 -3525
3739 -3175
4567 2054
2832 -9826
-7646 9215
-7146 -3430
-253 8593
9040 9982
-9289 -202
-2065 -9479
4765 9497
8749 -6914
3995 -3388
8946 4039
-7539 86
-1914 -5305
2334 -9629
2841 -4958
-8289 -2653
-6038 8072
2016 5515
8892 2437
2032 5252
-9727 4930
-4792 1976
1860 4731
-9134 -7730
8273 -8028
-2122 1645
9356 -302
-2197 5132
-6633 -4459
4309 -9045
6623 -8649
6505 6548
-2148 -6216
-9190 -861
3265 -3942
9132 6231
-3700 -7010
539 5443
-7517 -6936
2469 3553
-4470 -7117
-2819 4388
-1041 -7473
4153 7910
-1953 5212
-2012 -4489
-8069 1467
9064 -2736
-6283 -8595
-9252 7315
-8321 -1241
4005 2748
7228 -7102
-6342 4754
-1279 -355
297 9453
-34 66
5246 8835
1424 -5256
-3550 -7303
7579 4795
-4889 -9883
-2160 -5807
-721 -6496
-9179 1757
3131 5442
3504 1225
7654 179
9851 -876
-4172 -4942
-7443 -4675
-6278 6485
9117 -1991
-6714 -4350
8805 6020
-5834 2880
7444 -2635
-1645 -9995
-2689 -5489
2410 -3684
6378 -5830
-8829 -1492
3468 -8315
-7335 8497
-4668 -7011
175 -4683
3684 3724
-3378 -5223
5616 -8154
-7544 -810
-3597 -6440
987 2799
1826 9405
2387 3903
-6941 7046
-9333 -7572
5726 7772
-3835 1034
-741 6183
-419 -7560
6864 1087
-9609 -7456
-5304 -6062
7707 -3098
9053 -3607
-2669 -8919
6785 -3317
1366 798
6711 7524
-8516 4063
-5660 6309
1395 3375
5113 582
-5628 -2589
-4923 2382
5835 3299
-7450 -3770
9861 1923
-8230 -7643
-6474 5717
1098 1821
2410 7044
7904 -7967
2436 -7220
3020 -3049
7844 -3538
-5410 -8670
-9179 3832
-7585 -1908
7602 173
7818 -2872
-5866 3324
-7603 -8879
-7935 -5434
8189 4508
-1940 1757
-1777 -5460
3403 6173
6329 -7004
-4541 -5711
1618 -399
-2362 -4418
-6815 4091
384 4372
5967 7844
3460 8343
3659 -8410
-980 -3416
7266 7311
497 -8058
3677 -5388
-9429 6699
7798 -2089
-9954 9720
241 -1979
-9870 7505
8152 3555
4705 9392
5803 3860
-7930 -6663
1647 795
6637 -3237
76 4287
7968 4677
7290 -8625
261 6920
8805 4840
-9524 -9330
-7613 -988
8837 -9708
-5243 -7542
-7620 -7970
3939 -7758
-6339 -7495
7470 7426
547 -8303
5408 -7565
4879 9265
-3346 -30
-5606 -154
-2213 2326
-9861 1736
-5514 6784
6114 7330
5916 -2086
-269 0
4993 -8822
-2425 -2103
322 -8432
7615 7353
-6622 575
8824 4564
-1406 1516
-2487 6730
-7757 -344
-6243 -4309
-9302 -9117
1886 5877
-8749 218
2420 -2718
-1689 5932
-860 9439
-123 -8604
3251 3176
2081 -5258
-4845 52
9618 -3749
1107 6441
5313 -7016
-9885 6781
1029 -8887
-5208 -7852
9121 3367
8196 5992
-3700 -6066
3736 -2094
-6926 7220
-1114 5288
-538 -2408
7008 6248
-7841 -2929
8358 6951
6729 7055
3027 29
1501 9418
486 4673
128 5010
-2047 -9028
-4085 -6851
-8093 1118
6685 6267
-6584 6822
1572 -3618
9983 1436
-4591 -9664
7288 1267
-6708 9296
4189 3050
-1194 9652
-5538 4014
-8543 -4819
-9826 -7563
-2924 790
3691 -5160
3725 9564
-786 2606
2236 -5684
-9601 1173
-4884 -4245
-9664 2239
-160 -2657
8373 -6919
409 4630
4196 -736
281 -1076
-1423 -756
2390 -2155
-3524 -6527
-5788 -9416
-484 4496
-2592 -2396
-5115 -144
-6344 402
5005 -9586
-1244 -5083
-2881 -8250
-1754 -5078
2192 -3612
9808 686
5029 -568
2666 4355
-104 -1145
-8089 5940
5346 3158
-6348 2421
-6307 9404
7676 7811
-92 8404
6361 -6406
-7747 8709
414 9323
7002 2208
4859 6477
8579 7809
-1487 2718
-6030 9099
4076 2585
-251 -1843
-5479 3411
-2488 4560
8393 -3792
-6143 7235
-4402 -8960
-3441 2731
-7903 1483
3581 -6148
9045 2977
-7384 -1169
-3893 -2051
585 399
-999 -1623
653 -4579
-159 -7901
9621 9887
-2271 5312
-9422 3286
434 -8233
2675 5098
-9876 -2239
-8634 -313
-3784 -8807
-9499 8371
2575 -3365
2860 -9290
-2700 4477
-6230 2615
9517 -3110
-4094 5799
1442 -1727
1812 9416
-1949 -5657
-5366 7821
1736 7747
1281 -3310
8509 -9130
-9772 7761
6887 3919
6108 -5775
7922 5276
-9496 1281
-5403 7927
-1557 -1986
-6170 -9947
750 4137
3793 -9293
-4663 934
-3264 -5730
-1397 1603
-2415 -7751
-4756 -3540
-7243 -7606
-8835 2123
8916 6419
7816 -6372
-6517 -8471
1248 -3845
4777 -6593
3710 9144
5930 -3704
9947 -2944
939 2256
-3753 5366
-4162 1932
444 -1581
9251 -3343
-9408 8198
-6637 -8521
8339 5705
3234 -5012
-9130 -4060
-6464 -6686
-225 75
1410 1659
-6257 -8321
5786 -6252
-7745 -5078
6192 5029
3072 6711
392 -4290
8914 9447
153 -1818
9550 -1841
5166 2600
7802 -9445
7722 -6931
-1026 7696
1441 6461
950 429
7313 -1458
9794 5755
-2494 -2523
2912 -3346
5643 -8555
-2634 9307
9157 -6195
-1344 7527
8992 -8061
-1035 -8621
-9932 -7768
-7717 -730
5595 1194
636 -2179
5153 -8375
6720 -5741
3126 -5652
-8287 -6160
8994 9638
-8998 2080
-9043 -6406
1379 -1221
2125 -1867
-1946 -1593
9642 6865
-1187 -6143
-5351 6893
-7714 5132
-1616 2939
-2732 5954
-3285 1879
608 -3695
-3384 8511
-6339 4554
8382 3393
4612 -5108
-1088 5411
3782 3385
-1203 1704
-2019 4173
-7583 -9854
-1126 -1230
-4240 -5042
-9949 6904
7921 -8113
6179 1745
-8321 -4739
4476 -2448
1095 5665
-1179 1000
5932 8604
-8269 -7512
-434 -9734
-6413 5839
-2430 231
8350 894
-1515 5481
-5127 7598
-6044 7017
-878 6517
2998 623
5728 5830
-1477 2503
8328 5087
5173 -3172
-6732 9175
2131 -1803
2927 8258
8154 1475
5620 -4983
-7557 -5461
4604 6551
1256 4756
-4238 -5301
1080 5695
8865 7384
-4138 3520
8943 -710
-4505 -1280
1732 947
2608 -4560
7926 -5628
5416 3276
-3421 -8022
8338 5684
1919 6223
-4482 -1460
5094 -9610
432 9580
4279 -3283
5454 -1219
-2832 6543
-4791 -3700
3896 -5485
7942 -9690
5803 5072
-3154 -2970
9163 6341
-5862 7003
-8234 3683
-7634 -5980
9943 -1364
-4288 -9356
427 735
-5965 -7167
4810 -326
