0.000000
41720.989802
20859.709493
13905.600302
10428.283871
8341.684522
6950.443690
5956.550558
5210.999712
4631.010364
4166.914038
3787.103518
3470.507326
3202.537512
2972.774109
2773.575806
2599.211619
2445.299028
2308.429404
2185.911724
2075.593166
1975.730969
1884.899236
1801.920051
1725.811816
1655.749986
1591.036869
1531.078135
1475.364353
1423.456362
1374.973551
1329.584422
1286.998910
1246.962111
1209.249108
1173.660687
1140.019769
1108.168418
1077.965321
1049.283657
1022.009289
996.039211
971.280230
947.647819
925.065134
903.462163
882.774979
862.945096
843.918901
825.647158
808.084565
791.189378
774.923060
759.249982
744.137155
729.553986
715.472070
701.864991
688.708157
675.978641
663.655045
651.717372
640.146916
628.926158
618.038672
607.469044
597.202791
587.226298
577.526746
568.092062
558.910860
549.972397
541.266524
532.783648
524.514696
516.451077
508.584651
500.907700
493.412904
486.093310
478.942313
471.953635
465.121303
458.439629
451.903199
445.506851
439.245663
433.114939
427.110197
421.227153
415.461715
409.809971
404.268177
398.832751
393.500260
388.267418
383.131075
378.088210
373.135923
368.271434
363.492071
358.795269
354.178562
349.639579
345.176042
340.785756
336.466610
332.216572
328.033684
323.916060
319.861880
315.869391
311.936903
308.062782
304.245454
300.483398
296.775144
293.119274
289.514416
285.959243
282.452474
278.992867
275.579222
272.210378
268.885209
265.602626
262.361573
259.161028
256.000000
252.877527
249.792678
246.744549
243.732262
240.754965
237.811833
234.902063
232.024875
229.179513
226.365239
223.581340
220.827119
218.101900
215.405026
212.735857
210.093770
207.478160
204.888435
202.324022
199.784361
197.268907
194.777128
192.308507
189.862540
187.438734
185.036609
182.655697
180.295542
177.955698
175.635729
173.335212
171.053731
168.790882
166.546269
164.319505
162.110212
159.918022
157.742573
155.583513
153.440495
151.313183
149.201246
147.104360
145.022209
142.954483
140.900878
138.861098
136.834851
134.821851
132.821820
130.834483
128.859571
126.896821
124.945975
123.006778
121.078983
119.162344
117.256623
115.361584
113.476996
111.602631
109.738268
107.883687
106.038672
104.203012
102.376499
100.558928
98.750097
96.949809
95.157868
93.374083
91.598265
89.830227
88.069786
86.316762
84.570977
82.832255
81.100423
79.375311
77.656751
75.944577
74.238624
72.538732
70.844741
69.156493
67.473833
65.796606
64.124662
62.457849
60.796019
59.139025
57.486722
55.838967
54.195616
52.556529
50.921566
49.290590
47.663462
46.040049
44.420214
42.803825
41.190749
39.580855
37.974013
36.370093
34.768967
33.170508
31.574588
29.981083
28.389865
26.800812
25.213799
23.628703
22.045402
20.463773
18.883694
17.305046
15.727706
14.151555
12.576474
11.002341
9.429038
7.856447
6.284447
4.712921
3.141750
1.570816
0.000000
-1.570816
-3.141750
-4.712921
-6.284447
-7.856447
-9.429038
-11.002341
-12.576474
-14.151555
-15.727706
-17.305046
-18.883694
-20.463773
-22.045402
-23.628703
-25.213799
-26.800812
-28.389865
-29.981083
-31.574588
-33.170508
-34.768967
-36.370093
-37.974013
-39.580855
-41.190749
-42.803825
-44.420214
-46.040049
-47.663462
-49.290590
-50.921566
-52.556529
-54.195616
-55.838967
-57.486722
-59.139025
-60.796019
-62.457849
-64.124662
-65.796606
-67.473833
-69.156493
-70.844741
-72.538732
-74.238624
-75.944577
-77.656751
-79.375311
-81.100423
-82.832255
-84.570977
-86.316762
-88.069786
-89.830227
-91.598265
-93.374083
-95.157868
-96.949809
-98.750097
-100.558928
-102.376499
-104.203012
-106.038672
-107.883687
-109.738268
-111.602631
-113.476996
-115.361584
-117.256623
-119.162344
-121.078983
-123.006778
-124.945975
-126.896821
-128.859571
-130.834483
-132.821820
-134.821851
-136.834851
-138.861098
-140.900878
-142.954483
-145.022209
-147.104360
-149.201246
-151.313183
-153.440495
-155.583513
-157.742573
-159.918022
-162.110212
-164.319505
-166.546269
-168.790882
-171.053731
-173.335212
-175.635729
-177.955698
-180.295542
-182.655697
-185.036609
-187.438734
-189.862540
-192.308507
-194.777128
-197.268907
-199.784361
-202.324022
-204.888435
-207.478160
-210.093770
-212.735857
-215.405026
-218.101900
-220.827119
-223.581340
-226.365239
-229.179513
-232.024875
-234.902063
-237.811833
-240.754965
-243.732262
-246.744549
-249.792678
-252.877527
-256.000000
-259.161028
-262.361573
-265.602626
-268.885209
-272.210378
-275.579222
-278.992867
-282.452474
-285.959243
-289.514416
-293.119274
-296.775144
-300.483398
-304.245454
-308.062782
-311.936903
-315.869391
-319.861880
-323.916060
-328.033684
-332.216572
-336.466610
-340.785756
-345.176042
-349.639579
-354.178562
-358.795269
-363.492071
-368.271434
-373.135923
-378.088210
-383.131075
-388.267418
-393.500260
-398.832751
-404.268177
-409.809971
-415.461715
-421.227153
-427.110197
-433.114939
-439.245663
-445.506851
-451.903199
-458.439629
-465.121303
-471.953635
-478.942313
-486.093310
-493.412904
-500.907700
-508.584651
-516.451077
-524.514696
-532.783648
-541.266524
-549.972397
-558.910860
-568.092062
-577.526746
-587.226298
-597.202791
-607.469044
-618.038672
-628.926158
-640.146916
-651.717372
-663.655045
-675.978641
-688.708157
-701.864991
-715.472070
-729.553986
-744.137155
-759.249982
-774.923060
-791.189378
-808.084565
-825.647158
-843.918901
-862.945096
-882.774979
-903.462163
-925.065134
-947.647819
-971.280230
-996.039211
-1022.009289
-1049.283657
-1077.965321
-1108.168418
-1140.019769
-1173.660687
-1209.249108
-1246.962111
-1286.998910
-1329.584422
-1374.973551
-1423.456362
-1475.364353
-1531.078135
-1591.036869
-1655.749986
-1725.811816
-1801.920051
-1884.899236
-1975.730969
-2075.593166
-2185.911724
-2308.429404
-2445.299028
-2599.211619
-2773.575806
-2972.774109
-3202.537512
-3470.507326
-3787.103518
-4166.914038
-4631.010364
-5210.999712
-5956.550558
-6950.443690
-8341.684522
-10428.283871
-13905.600302
-20859.709493
-41720.989802
